-----False Positives Indices-----
108332
109951
110593
111109
112255
112587
112867
113188
113744
114356
115233
115514
116419
116728
117310
117603
117941
118501
118792
119076
119411
119739
120233
120596
120951
121144
121533
122380
122737
122984
123483
123842
124450
124769
125372
125894
126396
126795
127296
127814
128163
128431
129259
129672
130183
131060
131338
132450
133263
134095
134347
135449
136507
137071
137579
138109
138642
139133
139722
140232
140492
140962
142102
142622
143121
143351
145313
145613
146336
147602
148332
149284
150015
195117
195607
196208
196690
197011
197295
197859
198400
198893
199497
199984
200221
200704
201297
201792
202151
202388
202893
203265
203495
203851
204562
204689
204914
205254
205766
206355
206850
207223
207451
207940
208296
208538
208888
209397
209646
210160
210821
211338
212953
214069
214341
215163
215438
215988
217331
217658
217914
218442
218988
219543
220087
220581
220944
221653
222009
222286
222562
223085
223703
224434
224798
225285
225875
226610
226921
227447
227718
228031
228511
229109
229640
229905
230170
230709
231024
231303
231841
232657
232951
233236
233753
234068
234299
234624
235401
235941
236249
236486
237329
269354
281590
281813
282707
282945
283314
283811
284148
284428
285565
286137
286681
287565
288161
288663
289035
289359
289629
290844
291069
291451
291976
292209
293052
293645
294204
294494
294765
295064
295589
296185
296521
297036
297643
298006
298502
298873
299112
299479
299845
299969
300331
300568
300920
301284
301773
302373
302956
303241
303843
304327
304688
304910
305263
305756
306114
306478
306703
307197
307798
308288
308644
308885
309369
309994
310508
310911
311310
311583
314588
315498
316893
317745
318029
319781
320045
320994
321333
321586
322477
322761
323651
367391
367657
367978
368840
370006
370282
370567
371142
371441
371727
372885
373133
373715
374020
374299
374832
375138
375446
375741
376571
377081
377449
378006
378900
379287
380050
380329
381230
381507
382070
382365
382926
383248
385610
386457
387338
387668
388820
389148
389677
390265
390522
391674
391962
392504
393386
393706
394270
394601
394858
395462
395754
396660
397816
398395
398728
399009
399501
401639
401950
402237
403081
404016
404584
404922
405207
406108
406373
406877
407237
407514
408724
408999
409370
409734
409888
453822
454416
454806
455115
455708
456330
456599
456962
457321
457816
458178
458537
458807
459142
459719
460631
460957
461519
461835
462120
462729
463089
463310
463662
464225
464517
465414
465725
466005
466319
466620
467228
467498
468083
468398
468698
469220
469590
469867
470214
470778
471059
471410
471680
471995
472476
472837
473209
473464
473831
474376
474705
474942
475330
475899
476227
476525
476890
477457
477746
478128
478408
478722
479618
479986
480268
480727
481121
481435
482312
482857
483740
484373
485209
485573
485805
486153
486670
487019
487374
487626
487961
488220
488500
488747
488872
489455
489947
490305
490670
490941
491281
491764
492130
492853
493092
493487
493819
494313
494677
495049
495654
496020
496507
539997
540305
540628
540948
541555
541869
542194
542476
542837
543740
544069
544695
545021
545893
546226
546465
546824
547176
547659
548017
548379
548651
548966
549297
549849
550054
550430
550745
551316
551645
552242
552597
553434
553755
554065
554558
554858
555214
555581
555828
556953
557315
557648
558246
558529
559167
559496
560342
560676
560988
561293
562192
562434
562825
563357
565320
565674
566042
566543
566942
567528
567881
568428
568717
569051
569321
569684
570171
570899
571529
571989
572438
572736
573353
573723
574558
574885
575230
575811
576180
576460
576798
577352
578010
578570
578910
579527
579890
580176
580746
581038
581559
581941
582180
582503
582762
583060
584727
629002
630251
631771
633288
636378
637753
638296
639811
640776
643577
644857
645376
645644
646380
649020
-----False Negatives Indices-----
68
64520
68923
93918
95150
103214
121049
143232
197422
200095
202273
203401
204808
207335
208444
209552
234188
236376
269262
269779
281717
282853
290975
292070
298993
299687
300468
304796
306600
308775
366178
379138
409570
463206
474846
479884
485695
487489
488984
492999
546370
549942
555696
562333
582079
585164
588576
590575
621591
622066
